민준	1	35,244
서준	2	29,455
예준	3	24,767
도윤	4	23,275
주원	5	22,360
시우	6	21,778
지후	7	20,762
준서	8	20,511
지호	9	20,365
하준	10	19,781
현우	11	19,416
준우	12	19,101
지훈	13	18,971
도현	14	18,175
건우	15	17,858
우진	16	16,991
현준	17	15,397
민재	18	15,338
선우	19	14,473
서진	20	14,282
연우	21	13,411
정우	22	13,281
준혁	23	12,827
승현	24	12,758
지환	25	12,271
승우	26	12,241
유준	27	12,200
승민	28	11,794
민성	29	11,180
준영	30	11,045
지우	31	11,006
시윤	32	10,981
유찬	33	10,940
진우	34	10,244
지원	35	10,203
시후	36	10,128
수현	37	9,824
윤우	38	9,515
은우	39	9,212
동현	40	9,044
민규	41	8,527
재윤	42	8,397
재원	43	8,236
민우	44	8,161
태윤	45	8,152
재민	46	8,126
시현	47	8,108
은찬	48	7,959
한결	49	7,798
민찬	50	7,666
윤호	51	7,662
시원	52	7,536
성민	53	7,501
성현	54	7,280
준호	55	7,260
승준	56	7,211
현서	57	7,041
재현	58	6,880
태현	59	6,680
태민	60	6,678
민혁	60	6,678
지성	62	6,651
수호	63	6,607
예성	64	6,599
민호	65	6,497
성준	66	6,452
하율	67	6,422
시온	68	6,407
정민	69	6,353
우빈	70	6,329
지율	71	6,240
규민	72	6,225
윤성	73	6,142
민석	74	6,092
지안	75	6,002
준수	76	5,924
지민	77	5,900
준	78	5,838
은성	79	5,717
지한	80	5,692
예찬	81	5,691
윤재	82	5,605
준희	83	5,550
서우	84	5,525
하람	85	5,514
태양	86	5,512
은호	87	5,511
율	88	5,466
준성	89	5,403
현수	90	5,345
이안	91	5,270
이준	92	5,245
도훈	93	5,231
승원	94	5,200
정현	95	5,143
하진	96	5,094
건	97	5,044
강민	98	5,005
지완	99	4,991
승호	100	4,969
태준	101	4,846
민서	102	4,842
성빈	103	4,826
민수	104	4,723
정훈	105	4,598
건희	106	4,591
우현	107	4,585
원준	108	4,559
하민	109	4,557
주호	110	4,523
도영	111	4,483
주환	112	4,478
민기	113	4,419
현민	114	4,354
경민	114	4,354
현성	116	4,303
주영	117	4,172
승윤	118	4,128
하랑	119	4,096
시훈	120	4,057
태훈	121	4,053
동하	122	4,030
시율	123	4,017
동건	124	4,000
주안	125	3,988
태영	126	3,971
재훈	127	3,966
서율	128	3,945
민건	129	3,928
호준	130	3,831
승빈	131	3,764
세현	132	3,731
재준	133	3,722
시완	134	3,711
지오	135	3,705
상현	136	3,680
가온	137	3,668
재영	138	3,656
태경	139	3,652
현진	140	3,644
영준	141	3,624
승훈	142	3,602
현승	143	3,578
우주	143	3,578
범준	145	3,572
정원	146	3,525
주혁	147	3,506
찬영	148	3,488
성윤	149	3,481
다온	150	3,479
시환	151	3,432
성훈	152	3,389
찬우	153	3,383
도원	154	3,348
정후	155	3,328
우성	156	3,307
동욱	157	3,292
하윤	158	3,280
동윤	159	3,253
건호	160	3,244
수민	161	3,237
도율	162	3,230
온유	163	3,222
현	164	3,214
찬희	165	3,213
윤	166	3,160
승찬	167	3,158
연준	168	3,148
태호	169	3,146
현호	170	3,144
서후	171	3,132
준석	172	3,120
현빈	172	3,120
지혁	172	3,120
태우	175	3,104
승재	176	3,099
세준	177	3,093
재하	178	3,077
형준	179	3,065
주현	180	3,026
산	181	3,017
재우	182	3,016
도경	183	3,005
윤찬	184	2,999
태율	185	2,987
재혁	186	2,981
성우	187	2,961
유건	188	2,955
윤후	189	2,947
동우	190	2,926
지운	191	2,904
효준	192	2,896
라온	193	2,872
석현	194	2,820
연호	195	2,817
준형	196	2,802
찬	197	2,790
진호	198	2,765
수혁	199	2,764
주완	200	2,758
상윤	201	2,757
재희	202	2,727
규빈	203	2,724
이현	203	2,724
주한	205	2,715
유빈	206	2,698
윤서	207	2,680
우영	208	2,675
시헌	209	2,664
용준	210	2,653
우찬	211	2,637
규현	212	2,625
도연	212	2,625
지용	214	2,622
동준	215	2,596
단우	216	2,584
호진	217	2,580
유현	218	2,551
진혁	219	2,529
지웅	220	2,526
승환	221	2,522
상우	222	2,512
은혁	223	2,509
동훈	224	2,497
강현	225	2,495
영민	226	2,450
성원	227	2,443
은율	228	2,442
준후	229	2,437
대현	230	2,414
승주	231	2,413
종현	232	2,389
현석	232	2,389
하늘	234	2,365
유진	235	2,361
준현	236	2,354
은준	237	2,352
상민	238	2,349
승후	239	2,335
세훈	240	2,320
유민	241	2,318
태인	242	2,303
서원	243	2,296
재호	243	2,296
동혁	245	2,264
태환	245	2,264
서윤	247	2,258
우준	248	2,256
승유	249	2,232
시호	250	2,224
준원	251	2,202
은수	252	2,201
동규	253	2,197
영우	254	2,184
정빈	255	2,178
신우	256	2,171
이든	257	2,164
민결	258	2,157
원우	259	2,140
성진	260	2,122
태성	261	2,117
강우	262	2,103
도진	263	2,098
진서	264	2,097
혜성	265	2,050
유성	266	2,048
도준	267	2,028
주형	268	2,023
요한	268	2,023
선호	270	2,020
준범	271	1,994
윤건	272	1,969
성호	272	1,969
여준	274	1,966
찬민	275	1,959
인성	276	1,958
로운	277	1,948
상준	278	1,945
정호	279	1,943
태건	280	1,942
민제	281	1,934
서현	282	1,931
우혁	283	1,927
시안	284	1,924
희찬	285	1,920
준민	286	1,910
윤수	287	1,902
서호	288	1,894
태원	289	1,893
승혁	290	1,883
도하	291	1,879
재성	292	1,878
경준	293	1,875
태웅	294	1,869
희준	294	1,869
민승	296	1,865
한율	297	1,857
인우	298	1,849
승헌	299	1,847
진영	300	1,840
승기	301	1,821
성재	302	1,785
환희	303	1,774
채민	304	1,769
아인	305	1,758
호영	306	1,755
세윤	307	1,749
현욱	308	1,746
주성	309	1,745
세진	310	1,740
현규	311	1,728
호연	312	1,727
한울	313	1,717
창민	314	1,669
시준	315	1,667
규원	316	1,653
진욱	317	1,649
선율	318	1,642
하성	318	1,642
준하	318	1,642
가람	321	1,636
도겸	322	1,635
시영	323	1,621
정환	324	1,620
지섭	325	1,608
성찬	326	1,601
지윤	327	1,599
연후	328	1,596
재율	329	1,592
희성	330	1,591
정윤	331	1,574
찬혁	332	1,572
영훈	333	1,567
우석	334	1,552
세민	335	1,549
찬율	336	1,543
태오	337	1,528
상훈	338	1,521
동연	339	1,520
민	340	1,519
건후	341	1,514
명준	342	1,511
기현	343	1,509
도형	344	1,502
지석	345	1,500
준기	346	1,490
재형	347	1,489
진성	348	1,485
은재	349	1,476
유안	350	1,465
인호	351	1,446
상원	352	1,438
수빈	353	1,436
다원	354	1,420
동민	355	1,416
기범	356	1,407
시형	357	1,404
태하	358	1,400
윤준	359	1,394
태연	360	1,383
재용	361	1,381
민후	361	1,381
영진	363	1,376
수환	364	1,375
재이	365	1,362
준휘	365	1,362
한준	367	1,359
승범	368	1,358
태규	369	1,357
해성	369	1,357
은후	369	1,357
서빈	372	1,353
동호	372	1,353
건율	374	1,351
재인	375	1,348
영재	376	1,346
주헌	377	1,337
시언	378	1,334
해준	379	1,333
하온	380	1,324
주찬	381	1,323
주하	382	1,321
동원	383	1,318
선재	384	1,312
건영	385	1,307
지온	386	1,292
노아	387	1,289
민욱	388	1,282
지수	389	1,276
승연	390	1,273
석준	391	1,268
재범	392	1,246
다니엘	393	1,243
유하	394	1,240
은결	395	1,231
성욱	396	1,228
현재	397	1,219
준모	398	1,217
진	398	1,217
상혁	400	1,213
한별	401	1,212
재환	402	1,211
지헌	403	1,208
환	404	1,206
동환	404	1,206
이한	406	1,205
원	407	1,199
경훈	408	1,186
도헌	409	1,185
진원	410	1,172
영찬	411	1,169
한솔	412	1,165
찬유	413	1,164
아준	414	1,163
재욱	415	1,162
예건	416	1,161
준상	417	1,160
민율	418	1,154
태희	419	1,150
도건	420	1,147
연수	421	1,145
호윤	421	1,145
준환	423	1,140
우재	424	1,137
형우	424	1,137
강	426	1,124
수찬	427	1,117
승규	427	1,117
범수	429	1,114
종혁	429	1,114
도균	431	1,102
찬호	432	1,100
윤혁	433	1,097
창현	434	1,091
동주	435	1,089
근우	436	1,088
혁준	437	1,087
건하	437	1,087
성주	439	1,071
훈	440	1,064
수영	441	1,056
지현	442	1,048
태완	442	1,048
병준	444	1,044
이수	445	1,040
태욱	446	1,039
재빈	447	1,036
결	448	1,029
성환	449	1,028
한빈	449	1,028
세영	451	1,025
관우	452	1,022
찬빈	453	1,020
윤석	454	1,017
유신	455	1,012
동휘	455	1,012
희재	457	1,009
정욱	458	1,008
은규	458	1,008
예담	460	1,007
민영	461	1,006
태빈	462	1,004
은석	463	994
강준	464	990
혁	465	989
재경	465	989
성연	467	982
연재	467	982
재연	469	980
경빈	469	980
유담	471	978
선준	471	978
하빈	473	971
유승	474	970
현중	475	965
준용	476	960
형진	476	960
겸	478	953
서하	479	950
의준	480	948
윤제	481	946
인준	482	945
지유	483	939
한서	484	935
대한	485	934
지욱	486	932
태형	487	925
규진	487	925
승진	489	924
종윤	490	923
희원	491	922
진수	492	918
영광	493	910
종민	494	906
성하	495	903
해솔	496	900
태이	497	896
호성	497	896
경원	499	891
준오	500	890
찬서	501	889
정혁	501	889
도운	503	885
주언	504	882
석민	505	880
의찬	506	879
희수	507	878
로이	508	877
채훈	509	873
태헌	510	872
종우	510	872
원재	512	867
영빈	512	867
재헌	514	864
민섭	514	864
솔	516	857
상욱	516	857
원석	518	854
리우	519	852
하루	519	852
명진	521	849
민형	522	847
승하	522	847
영현	524	846
승리	525	845
범진	525	845
승수	527	844
상진	528	843
용현	528	843
형주	530	837
현태	531	835
태균	532	827
보겸	533	819
이찬	534	818
다율	535	817
유환	536	813
리안	537	812
종원	538	809
용우	538	809
강희	540	805
대윤	541	801
준표	541	801
예훈	543	800
정연	544	798
미르	545	793
종훈	546	792
지홍	547	791
요셉	548	790
도빈	549	789
기훈	550	788
원빈	551	786
건민	551	786
보성	553	782
제민	554	780
동희	555	778
한	556	777
영웅	557	774
시혁	557	774
동균	559	771
우민	560	770
동후	561	766
준규	562	765
이삭	563	763
경호	564	762
진현	565	759
정인	565	759
호현	565	759
재웅	568	756
유겸	568	756
동영	570	750
원호	571	749
형민	571	749
재후	571	749
승욱	574	746
진석	574	746
인서	576	744
동근	577	738
의진	577	738
준이	579	736
현도	579	736
채우	581	730
대호	582	724
동진	583	721
대영	584	719
선후	585	715
경환	586	710
정준	587	708
호	588	707
기윤	588	707
해찬	590	706
정진	590	706
대성	592	704
영서	592	704
규태	594	702
민균	594	702
다현	596	701
준엽	597	700
민철	598	699
세인	599	696
효민	599	696
근호	601	694
지승	602	692
찬솔	602	692
재승	604	690
효재	605	689
윤상	606	687
두현	607	686
다훈	608	684
유호	609	682
의현	610	681
민겸	611	679
태겸	612	678
진형	613	677
어진	614	676
유한	614	676
세찬	616	675
지형	616	675
혜준	618	674
슬우	618	674
용진	620	673
정수	621	672
도엽	622	670
진후	623	666
민국	623	666
도담	625	663
예승	625	663
범서	627	662
대원	628	661
건형	629	660
태진	629	660
승언	631	659
혁진	632	658
제현	633	657
하원	634	652
제이	635	645
민교	635	645
영호	637	644
우림	638	643
세환	639	640
경현	640	638
성율	641	637
정운	642	629
승엽	643	623
준섭	644	622
우솔	645	620
기찬	646	614
강윤	647	613
진규	648	612
태산	649	610
수인	649	610
석원	649	610
선민	652	608
승완	652	608
선규	652	608
기태	655	605
석훈	656	604
채운	657	602
다민	657	602
태후	657	602
용재	660	599
원진	660	599
무진	662	598
범	663	592
현웅	664	591
슬찬	665	590
재완	666	587
도은	666	587
채환	668	586
주빈	668	586
기준	670	585
하겸	671	584
정재	672	582
수한	672	582
성혁	674	575
제윤	675	573
세원	676	571
규연	677	570
단	677	570
서한	679	569
태혁	680	567
인혁	680	567
광현	682	566
성규	683	563
병찬	684	561
채윤	685	559
승효	686	558
다빈	687	557
재진	688	554
태은	689	553
효성	690	552
태주	690	552
세빈	692	551
주훈	693	550
범석	694	548
보민	695	544
원영	695	544
리한	697	542
은유	697	542
유석	699	541
동빈	700	540
선빈	701	539
성수	701	539
하엘	703	538
강호	704	537
종호	705	536
승한	705	536
석진	707	535
윤기	708	534
도혁	708	534
현종	710	532
상연	710	532
제하	712	529
형석	713	527
건욱	714	525
진하	714	525
선웅	714	525
한빛	717	523
성운	718	522
채원	719	521
효원	719	521
윤오	721	520
규호	722	519
필립	722	519
강산	722	519
한성	725	518
정헌	725	518
무성	725	518
현기	728	516
희승	729	515
재아	730	513
아론	731	510
태수	731	510
시유	731	510
채준	734	509
용훈	734	509
민상	736	507
서안	737	506
우리	738	504
용민	739	502
경태	740	500
찬휘	741	499
대훈	741	499
동화	741	499
민근	744	497
다엘	745	495
시운	746	494
건휘	747	493
믿음	748	492
경록	749	491
유근	750	490
강빈	751	487
수안	752	486
도우	753	485
현찬	754	484
찬웅	755	482
상호	756	478
채호	756	478
이레	758	477
민하	759	476
영후	760	475
윤민	760	475
찬형	762	474
지효	762	474
도언	764	472
경찬	764	472
무빈	764	472
재홍	767	471
규성	767	471
희우	769	469
영인	770	466
상빈	770	466
채현	772	465
도환	772	465
하영	772	465
선유	772	465
래원	776	464
지상	776	464
로하	778	462
시진	778	462
효찬	780	460
윤환	781	457
은총	781	457
주용	781	457
서형	784	456
진환	784	456
원희	786	454
인수	787	453
용찬	787	453
희윤	789	452
병현	790	451
태유	790	451
세연	790	451
기원	790	451
승운	794	449
하음	794	449
세호	796	448
준식	797	445
예현	798	443
민권	799	442
솔민	800	441
은기	800	441
솔민	800	441
채완	800	441
빈	804	438
재서	805	436
동찬	805	436
영석	805	436
현율	805	436
사무엘	809	435
정한	809	435
대연	811	434
휘성	812	433
동율	812	433
효빈	812	433
수완	815	432
서훈	815	432
휘	815	432
세종	818	431
마루	818	431
경모	818	431
신	818	431
인후	822	430
석우	822	430
영환	822	430
누리	825	428
병훈	825	428
서찬	827	425
영주	827	425
태용	829	423
강인	829	423
상헌	829	423
시하	832	422
광민	832	422
동은	834	421
태강	835	420
세웅	835	420
규범	835	420
우형	838	419
명재	838	419
성은	838	419
호재	838	419
동해	838	419
진율	843	418
장우	844	417
신후	845	415
인찬	846	413
윤빈	847	412
대경	848	411
진모	848	411
보현	850	410
희건	851	409
인규	852	408
수	852	408
서환	854	407
중현	854	407
대환	854	407
민구	857	406
찬욱	858	405
동완	859	402
태서	860	401
경수	860	401
이환	862	400
담	862	400
재석	864	399
현오	865	397
강유	865	397
주윤	867	395
용하	868	394
홍준	869	391
훤	869	391
루이	871	389
도완	871	389
기주	873	388
다겸	873	388
서인	875	387
유	876	386
근영	876	386
리온	878	385
호민	878	385
용빈	880	384
승건	880	384
하담	882	383
주연	882	383
호찬	882	383
대희	885	382
로빈	886	380
태운	887	379
현후	887	379
장현	887	379
동헌	890	378
채율	891	376
동엽	891	376
준명	891	376
인하	894	374
세혁	895	373
무경	895	373
용호	897	372
연성	897	372
성모	899	371
원혁	899	371
해민	901	368
찬규	902	367
윤겸	902	367
서혁	902	367
종하	902	367
지찬	906	366
강훈	907	365
태한	908	364
석빈	909	363
현동	909	363
제원	909	363
진웅	912	361
은상	912	361
재유	912	361
선	915	360
현제	916	359
동재	916	359
기환	916	359
건웅	919	358
규환	919	358
창우	919	358
다윤	919	358
경진	919	358
세헌	924	356
로건	925	355
제우	925	355
영욱	925	355
성후	928	354
장원	929	352
석주	929	352
명훈	931	351
상후	932	350
창희	932	350
기민	932	350
진유	932	350
호원	936	349
제훈	936	349
치우	938	348
준한	938	348
시찬	938	348
리호	938	348
성범	938	348
예강	943	347
휘준	943	347
루다	943	347
대건	946	346
예한	947	345
재겸	948	344
원찬	949	343
시연	950	342
휘찬	950	342
지빈	952	341
민환	953	340
민식	953	340
현식	955	339
현섭	955	339
도한	957	337
윤형	957	337
정찬	959	336
창준	959	336
동인	961	335
재휘	961	335
예환	963	334
범규	963	334
민종	963	334
태랑	963	334
민용	967	333
민솔	967	333
지범	969	332
영수	970	331
원규	970	331
한겸	970	331
진오	973	330
민범	973	330
석영	975	328
해원	975	328
다인	977	326
세율	977	326
종찬	979	325
준재	980	324
정안	980	324
이도	980	324
도후	983	323
하울	983	323
송현	983	323
상엽	986	320
상율	986	320
권	986	320
석호	989	319
기성	990	318
형빈	990	318
훈민	990	318
혁주	990	318
태림	994	317
강후	995	316
해진	995	316
형찬	997	315
은택	997	315
형욱	999	314
규영	1000	313
서연	1	32,958
서윤	2	30,684
서현	3	26,989
지우	4	26,872
민서	5	26,179
하은	6	23,322
하윤	7	21,915
윤서	8	21,681
지민	9	21,402
채원	10	20,120
지유	11	19,847
은서	12	19,269
지윤	13	19,261
예은	14	18,110
다은	15	17,848
수아	16	17,735
수빈	17	17,514
예원	18	16,372
지원	19	16,038
소율	20	15,850
지아	21	15,707
예린	22	15,421
소윤	23	14,911
유진	24	14,009
시은	25	13,685
서영	26	13,258
가은	27	13,220
민지	28	13,168
채은	29	13,098
예진	30	12,714
윤아	31	12,556
수민	32	12,519
하린	33	12,160
수연	34	12,134
유나	35	12,023
지안	36	11,931
연우	37	11,510
시연	38	10,918
예서	39	10,679
예나	40	10,475
연서	41	10,363
주아	42	10,361
현서	43	10,145
다연	44	9,862
하율	45	9,452
다인	46	9,449
유빈	47	9,443
서진	48	9,411
아인	49	9,371
수현	50	9,320
서은	51	9,222
서아	52	9,208
하연	53	9,101
예지	54	8,953
채윤	55	8,920
지율	56	8,708
서율	57	8,705
민주	58	8,540
나윤	59	8,472
유주	60	8,388
서우	61	8,383
다현	62	8,354
지은	63	8,288
윤지	64	8,261
나연	65	8,073
시아	66	8,072
소연	67	8,067
지현	68	8,065
예빈	69	8,012
시현	70	7,998
소은	71	7,756
혜원	72	7,722
사랑	73	7,683
아린	74	7,662
지수	75	7,454
은채	76	7,370
주하	77	7,171
승아	78	7,007
서하	79	6,865
서희	80	6,757
나현	81	6,697
민아	82	6,678
세은	83	6,529
하영	84	6,518
도연	85	6,479
채린	86	6,474
아영	87	6,442
규리	88	6,439
소민	89	6,369
지연	90	6,331
다윤	91	6,277
예림	92	6,262
나은	93	6,254
아윤	94	6,234
가윤	95	6,082
태희	96	6,024
채아	97	6,003
유정	98	5,944
민정	99	5,892
민채	100	5,889
보민	101	5,858
주은	102	5,831
현지	103	5,807
세아	104	5,772
소현	105	5,767
민경	106	5,718
시윤	107	5,684
수진	108	5,638
연아	109	5,630
정원	110	5,494
가현	111	5,488
아현	112	5,463
나경	113	5,417
은지	114	5,399
가연	115	5,377
지효	116	5,214
다온	117	5,144
윤하	118	5,099
세연	119	5,059
가온	120	4,964
채연	121	4,884
한별	122	4,857
현아	123	4,823
예슬	124	4,818
효주	125	4,694
유림	126	4,677
소희	127	4,667
라희	128	4,578
가영	129	4,508
채민	130	4,493
하늘	131	4,454
주연	132	4,429
은솔	133	4,338
혜린	134	4,272
예주	135	4,265
유리	136	4,186
다혜	137	4,144
혜인	138	4,100
태연	139	4,086
승연	140	4,083
지혜	141	4,081
수인	142	4,042
지영	143	4,023
재인	144	4,022
다희	145	4,018
유민	146	4,017
수정	147	3,991
하람	148	3,979
하진	149	3,967
은우	150	3,880
채영	151	3,861
하랑	152	3,857
봄	153	3,838
주원	154	3,814
지후	155	3,782
윤슬	156	3,766
다빈	157	3,760
다솜	158	3,708
소이	159	3,703
은유	160	3,656
나영	161	3,655
하나	162	3,637
소영	163	3,627
태은	164	3,605
고은	165	3,586
유하	166	3,584
수지	167	3,518
설아	168	3,502
시온	169	3,497
보경	170	3,476
아라	171	3,471
정민	172	3,463
민하	173	3,433
주희	174	3,413
다영	175	3,390
은별	176	3,388
채현	177	3,353
효린	178	3,311
서인	179	3,296
태린	180	3,263
소정	181	3,209
시우	182	3,205
정윤	183	3,199
단아	184	3,124
가빈	185	3,117
세빈	186	3,106
예솔	187	3,097
은재	188	3,069
연주	189	3,054
한나	190	3,005
서정	191	3,003
연재	192	2,997
아연	193	2,982
예담	194	2,978
효은	195	2,941
예인	196	2,925
은빈	197	2,915
재이	198	2,912
정연	199	2,902
하음	200	2,898
서빈	201	2,882
지호	202	2,869
연지	203	2,847
준희	204	2,836
다원	205	2,834
지인	206	2,813
재희	207	2,806
도희	208	2,803
리아	209	2,801
은비	210	2,797
보미	211	2,794
슬아	212	2,792
해인	213	2,783
희원	214	2,778
서원	215	2,735
혜민	216	2,732
세인	217	2,723
채희	218	2,704
윤주	219	2,688
가인	220	2,687
아진	221	2,675
별	222	2,631
지온	223	2,590
다경	224	2,581
도은	225	2,547
채빈	226	2,544
혜진	227	2,543
다율	228	2,517
라온	229	2,505
은혜	230	2,498
효원	231	2,496
현진	232	2,492
미소	233	2,486
리원	234	2,481
연수	235	2,466
채이	236	2,464
은수	237	2,461
은율	238	2,460
민영	239	2,453
재은	240	2,432
유은	241	2,428
율	242	2,423
나율	243	2,420
혜빈	244	2,399
정은	245	2,385
정현	245	2,385
아름	247	2,350
세린	248	2,349
단비	249	2,341
하민	250	2,328
선우	251	2,325
소미	252	2,321
솔	253	2,318
세영	254	2,308
여진	255	2,300
혜윤	256	2,290
유라	257	2,243
윤진	258	2,234
현정	259	2,224
은성	260	2,199
유경	261	2,194
온유	262	2,191
주현	263	2,169
민솔	264	2,155
여원	265	2,131
현주	266	2,125
세희	267	2,123
가람	267	2,123
제인	269	2,106
연희	269	2,106
효민	271	2,105
윤	272	2,100
혜림	273	2,094
진서	274	2,085
유이	275	2,049
은설	276	2,033
윤채	277	2,023
가을	278	2,019
설	279	2,010
이안	280	1,994
서린	281	1,990
라윤	282	1,985
채율	282	1,985
주영	284	1,980
도경	285	1,964
소원	286	1,963
가희	287	1,953
리안	288	1,924
진아	289	1,919
다정	290	1,912
나린	291	1,894
효빈	292	1,891
수영	293	1,887
규빈	294	1,869
지희	295	1,860
지예	296	1,847
희주	297	1,842
이현	298	1,817
루아	299	1,802
시원	300	1,801
시원	301	1,801
라임	301	1,801
은진	303	1,794
라엘	304	1,791
하엘	305	1,781
승희	306	1,775
하빈	307	1,747
효정	308	1,729
하온	309	1,728
려원	310	1,714
아림	311	1,706
윤희	312	1,688
다예	313	1,684
시영	314	1,666
혜주	315	1,659
효진	316	1,657
승현	317	1,654
성은	318	1,647
윤정	318	1,647
희진	320	1,644
제이	321	1,632
정인	322	1,629
하정	322	1,629
영은	324	1,620
선아	325	1,611
시율	326	1,593
하경	327	1,581
은아	328	1,572
나희	329	1,565
다민	330	1,561
송현	331	1,556
리나	331	1,556
해나	333	1,552
규린	334	1,548
가율	335	1,543
영서	335	1,543
소담	337	1,540
은영	338	1,524
보영	339	1,495
민선	340	1,488
해솔	341	1,482
인서	342	1,475
선유	343	1,466
해린	343	1,466
지오	345	1,450
규림	346	1,444
윤솔	347	1,432
민희	347	1,432
승주	349	1,418
도윤	350	1,416
세현	351	1,393
선영	352	1,376
로아	353	1,373
효림	353	1,373
아정	355	1,365
재아	356	1,359
가원	357	1,328
아란	358	1,312
수린	359	1,308
서이	360	1,307
희수	361	1,277
혜나	362	1,259
도영	362	1,259
새봄	364	1,254
희연	365	1,240
이솔	366	1,234
정아	367	1,230
은정	368	1,227
한비	368	1,227
송연	370	1,222
소유	371	1,217
우리	372	1,211
담희	373	1,205
유안	374	1,202
혜연	374	1,202
서경	376	1,197
은하	377	1,186
다솔	378	1,185
하늬	379	1,184
예람	380	1,171
예리	381	1,167
하임	382	1,156
해원	382	1,156
희서	384	1,155
아율	385	1,154
윤영	386	1,148
별하	387	1,146
선율	388	1,145
은주	389	1,140
하원	390	1,138
태이	391	1,137
예랑	392	1,123
지나	393	1,114
경민	394	1,111
다해	395	1,093
은	396	1,085
하리	397	1,082
유미	398	1,079
유현	399	1,074
여은	400	1,073
예영	400	1,073
세령	402	1,072
세진	403	1,070
이나	403	1,070
예령	405	1,066
아람	405	1,066
빛나	407	1,065
혜정	408	1,064
이수	409	1,057
린	410	1,052
예온	411	1,034
시하	412	1,033
수경	413	1,030
라은	414	1,027
진희	415	1,020
루리	416	1,012
민진	417	1,010
진	417	1,010
예윤	419	1,009
태경	420	1,002
하라	421	991
진주	422	989
보현	423	980
승은	424	975
성연	425	973
초아	426	966
인영	427	960
경은	428	959
수하	429	953
누리	430	952
정빈	431	941
연진	432	931
수안	432	931
예현	434	930
민	435	928
희정	436	925
나래	437	918
나예	438	914
나원	439	904
태인	440	899
하선	441	897
리하	442	896
규원	443	893
시안	443	893
우주	445	883
한솔	446	880
라율	447	861
아리	448	860
가민	449	842
해윤	449	842
규민	451	839
하루	452	836
이레	453	834
지선	454	827
윤설	455	826
희윤	456	823
혜은	457	818
인아	458	808
재연	459	806
혜영	460	792
세윤	461	791
다미	462	789
태리	463	783
채령	464	780
아민	464	780
재윤	466	777
여울	466	777
율아	468	765
혜령	469	749
진영	470	747
연후	470	747
주혜	472	740
세나	473	733
보윤	474	732
유담	474	732
소예	476	731
세라	477	730
세하	478	724
도아	478	724
시유	480	718
윤경	481	716
슬	481	716
현	481	716
미나	484	714
태림	485	711
나라	485	711
유희	487	703
슬기	487	703
은송	489	700
세림	490	699
보람	491	698
이진	492	696
민설	492	696
안나	494	694
채림	495	693
성아	495	693
에스더	497	691
초은	498	689
미주	499	687
시언	500	685
지애	500	685
다겸	502	684
린아	503	682
해리	504	680
현경	505	678
영주	506	675
도현	507	670
기쁨	508	666
민재	509	663
송이	510	661
보라	511	659
보빈	512	658
승하	512	658
로하	514	655
채하	514	655
서유	514	655
효인	517	654
세민	518	642
도이	519	641
서안	520	635
예승	521	629
설희	522	626
여름	522	626
은결	524	625
다나	524	625
주빈	526	623
혜지	526	623
은경	528	622
하이	529	620
예음	529	620
태영	531	610
사라	532	607
선민	532	607
한결	534	603
나혜	534	603
연두	536	599
연정	537	597
민유	538	595
소망	539	592
소진	540	588
규연	540	588
은희	542	586
보연	542	586
리우	544	585
서후	545	583
로운	545	583
루다	547	581
하림	548	580
은교	549	575
희선	550	574
재원	551	561
예하	552	559
샛별	552	559
승민	554	556
나림	555	555
영채	555	555
송희	557	553
보은	558	551
예봄	558	551
가령	558	551
은호	558	551
지언	562	543
희은	563	541
설하	564	540
민교	565	537
현희	566	536
호연	567	535
루나	568	530
세정	569	527
율하	570	525
예안	571	523
재영	572	522
유솔	572	522
지빈	574	521
강희	575	519
이은	576	515
선주	577	513
수희	578	512
효리	579	511
로희	580	509
고운	580	509
재경	582	508
세이	583	507
하현	584	506
라현	585	505
주윤	586	503
연경	587	502
민혜	588	500
희영	588	500
근영	590	498
예율	591	497
라원	591	497
윤선	593	496
혜선	594	495
은선	595	494
경빈	596	493
성현	597	492
아랑	597	492
유선	599	491
미진	600	490
미진	600	490
시호	602	489
희재	603	488
주미	603	488
선하	603	488
세경	606	487
세원	607	484
율희	608	483
인혜	609	480
예성	610	478
승혜	611	477
현영	611	477
율리	613	476
주이	613	476
우림	615	474
수미	616	473
채경	617	472
소빈	618	469
호정	619	467
경원	619	467
도원	621	459
미래	621	459
예설	623	457
성희	624	454
세미	625	453
태윤	625	453
윤빈	627	449
제나	628	448
다애	629	447
하령	630	446
미정	631	445
한서	631	445
준서	633	442
선혜	634	439
희	635	437
선미	635	437
서온	637	435
혜수	637	435
해민	639	434
혜율	640	433
도담	641	430
보배	642	429
려은	643	428
이서	643	428
혜미	643	428
해온	646	426
정희	646	426
민소	648	425
윤우	649	424
제아	649	424
아은	651	423
나리	652	418
주안	653	417
예희	654	416
선희	655	415
초원	656	412
수윤	657	410
연화	657	410
시후	659	408
슬비	660	407
이정	661	405
소울	662	403
윤이	662	403
예소	662	403
지이	662	403
가림	662	403
애린	667	402
로은	668	400
효연	669	399
정음	670	397
진솔	671	395
서주	672	393
서령	673	392
유린	673	392
연	675	391
효경	675	391
혜승	677	390
제니	678	388
어진	678	388
솔희	680	385
솔비	680	385
영인	682	384
정서	682	384
이랑	682	384
정하	682	384
다엘	686	382
신비	686	382
건희	688	381
루하	688	381
나엘	690	380
선	691	379
보아	691	379
샤론	693	377
소을	694	376
신영	695	375
유연	696	374
서형	696	374
채리	696	374
금비	699	373
은후	700	372
연하	700	372
규은	702	370
한슬	703	369
이슬	704	368
채안	705	365
원희	705	365
찬희	707	364
윤비	707	364
규나	709	363
미경	709	363
혜성	711	362
선빈	711	362
루미	713	361
유지	714	360
수림	714	360
새론	716	358
효서	716	358
루비	718	357
나겸	718	357
혜경	720	355
초희	721	354
단희	722	353
담이	723	351
세온	724	350
승미	724	350
조이	726	349
선경	727	348
진하	728	347
레아	728	347
소리	728	347
경서	728	347
은세	728	347
새별	733	345
현채	734	342
우정	735	341
해진	735	341
효재	737	340
예준	737	340
은효	737	340
지서	740	338
환희	741	337
다운	742	336
선화	742	336
진경	744	335
해림	744	335
솔민	744	335
의진	747	334
해빈	748	333
리온	748	333
희경	748	333
윤성	751	331
혜서	751	331
은미	751	331
리예	751	331
주리	755	329
영현	755	329
지음	757	328
솔빈	757	328
보나	759	327
여정	760	326
원	760	326
예솜	762	325
설현	763	324
조은	763	324
화영	763	324
상은	766	322
정안	766	322
우진	768	321
다흰	768	321
가경	770	320
아빈	771	319
은민	772	318
민성	772	318
이지	772	318
승유	775	317
지운	776	316
예선	777	315
리현	777	315
연제	777	315
상아	780	314
희우	781	312
채언	781	312
성주	783	311
신혜	783	311
채인	785	310
유영	785	310
승원	785	310
빈	785	310
태현	785	310
승빈	785	310
한빛	791	308
리윤	791	308
현수	793	306
소라	794	305
서림	794	305
루희	796	304
경아	796	304
은총	798	303
수예	798	303
이엘	800	298
현선	801	297
초연	801	297
윤재	801	297
유아	804	296
푸름	804	296
채유	806	295
하솜	806	295
단	808	294
솔지	808	294
주언	810	292
찬미	810	292
미연	810	292
해주	813	291
예송	814	288
이담	815	287
현민	815	287
봄이	815	287
규희	818	286
라연	819	285
로이	819	285
한울	821	283
주예	822	282
소린	822	282
승리	822	282
혜준	825	281
성윤	825	281
도하	827	279
다슬	827	279
미영	829	277
수은	829	277
나나	831	276
유원	832	275
동희	832	275
승윤	832	275
영아	835	273
은조	835	273
현비	837	272
윤혜	838	271
단하	838	271
제희	838	271
영지	838	271
연호	838	271
단우	843	268
경희	844	267
미서	844	267
소혜	844	267
수애	844	267
솔아	844	267
세리	849	266
애리	849	266
민슬	849	266
송하	849	266
예경	853	262
미선	853	262
준영	853	262
이설	856	259
우빈	856	259
규비	856	259
진이	859	258
해연	860	257
은제	860	257
인경	862	256
승지	862	256
미현	864	255
규아	864	255
하얀	866	254
유화	866	254
명주	866	254
인하	866	254
수	866	254
정화	866	254
진유	866	254
비	873	253
이든	873	253
자윤	875	252
그린	876	251
성경	876	251
현이	876	251
래은	879	250
인애	879	250
아원	879	250
설리	882	249
래아	882	249
소명	882	249
지솔	885	248
한율	885	248
채우	885	248
새롬	888	247
원영	888	247
규미	890	245
해슬	890	245
경진	892	244
하니	893	243
벼리	894	242
자은	894	242
희지	894	242
명지	897	241
마리	897	241
경미	897	241
결	897	241
마리	897	241
결	897	241
세율	903	240
비주	904	239
유비	905	237
이주	905	237
리사	905	237
해은	905	237
여경	909	236
다올	910	235
예닮	911	234
조안	911	234
미지	913	232
명진	914	231
해율	914	231
루빈	914	231
담비	917	230
소운	917	230
효선	919	229
초이	920	228
하솔	920	228
율이	922	227
하담	923	225
보겸	924	224
서혜	925	221
가린	925	221
상희	925	221
준이	925	221
명서	929	220
해담	929	220
담	929	220
준아	932	219
솔이	932	219
희나	932	219
바다	932	219
자인	932	219
지향	937	218
유니	938	217
나온	938	217
지해	938	217
예정	941	216
솜	941	216
우경	943	214
혜온	943	214
성민	943	214
엘리	943	214
솔미	947	213
송아	947	213
한희	947	213
유란	950	212
영선	950	212
채정	950	212
이린	950	212
자영	954	211
레나	954	211
서휘	954	211
윤미	957	210
다유	958	209
여빈	958	209
보리	960	208
우영	961	207
승효	962	205
효영	963	204
하유	964	203
한아	964	203
아미	966	202
수련	966	202
이룸	966	202
자연	969	201
혜담	969	201
도예	969	201
도혜	969	201
송은	973	200
다진	974	199
수화	974	199
효담	974	199
린하	974	199
유	974	199
아이린	979	198
정미	980	197
재린	980	197
혜솔	982	196
효우	982	196
해랑	982	196
은빛	985	195
성빈	985	195
나령	987	194
예본	987	194
나정	987	194
세화	990	193
교은	990	193
초윤	992	191
설화	992	191
문정	992	191
부경	995	190
재나	996	187
승비	997	186
새나	997	186
정	999	185
여민	1000	184
