1 김(金) 10,689,959 1 9,925,949 1 8,785,341  
2 이(李) 7,306,828 2 6,794,637 2 5,985,056  
3 박(朴) 4,192,074 3 3,895,121 3 3,435,858  
4 최(崔) 2,333,927 4 2,169,704 4 1,913,329  
5 정(鄭) 2,151,879 5 2,010,117 5 1,780,734  
6 강(姜) 1,176,847 6 1,044,386 6 958,181  
7 조(趙) 1,055,567 7 984,913 7 877,058  
8 윤(尹) 1,020,547 8 948,600 8 834,121  
9 장(張) 992,721 9 919,339 9 810,235  
10 임(林) 823,921 10 762,767 10 672,782  
11 한(韓) 773,404 12 704,365 11 628,396  
12 오(吳) 763,281 11 706,908 13 619,774  
13 서(徐) 751,704 14 693,954 14 611,206  
14 신(申) 741,081 13 698,171 12 620,983  
15 권(權) 705,941 15 652,495 15 567,990  
16 황(黃) 697,171 16 644,294 16 564,292  
17 안(安) 685,639 17 637,786 18 556,429  
18 송(宋) 683,494 18 634,345 17 557,193  
19 전(全) 559,110 21 493,419 21 430,059  
20 홍(洪) 558,853 20 518,635 20 457,583  
21 류(柳)* 478,990 19 603,084 19 509,127  
22 고(高) 471,396 22 435,839 22 384,061  
23 문(文) 464,040 23 426,927 23 375,866  
24 량(梁) 460,600 25 389,152 25 344,209  
25 손(孫) 457,303 24 415,182 24 368,744  
26 배(裵) 400,641 26 372,064 26 323,031  
27 조(曺) 398,260 27 362,817 28 304,837  
28 백(白) 381,986 28 351,275 27 309,578  
29 허(許) 326,770 29 300,448 29 264,238  
30 유(劉) 302,511 32 242,889 32 218,449  
31 남(南) 275,648 30 257,178 30 222,269  
32 심(沈) 271,749 31 252,255 31 219,741  
33 로(盧) 256,229 33 220,354 33 196,285  
34 정(丁) 243,803 36 187,975 36 165,382  
35 하(河) 230,481 34 209,756 34 184,651  
36 곽(郭) 203,188 37 187,322 38 163,433  
37 성(成) 199,124 38 184,555 37 163,565  
38 차(車) 194,782 39 180,589 39 159,680  
39 주(朱) 194,766 43 176,232 42 153,508  
40 우(禹) 194,713 42 176,682 41 155,471  
41 구(具) 193,080 41 178,167 40 157,683  
42 신(辛) 192,877 46 167,621 47 137,874  
43 임(任) 191,261 44 172,726 44 147,700  
44 전(田) 186,469 35 188,354 45 146,664  
45 민(閔) 171,740 47 159,054 46 141,429  
46 유(兪) 167,927 40 178,209 35 168,082  
47 류(柳)* 163,703     
48 나(羅)* 160,946 45 172,022 43 150,012  
49 진(陳) 157,599 48 142,496 49 123,092  
50 지(池) 153,491 49 140,824 48 125,648  
